function CUT_IMAGE_AZADI_2
global x
x(328,613)=60;
x(328,614)=60;
x(328,615)=60;
x(327,613)=60;
x(327,614)=60;
x(327,615)=60;
x(326,613)=60;
x(326,614)=60;
x(326,615)=60;
x(612,486)=60;
x(612,487)=60;
x(612,488)=60;
x(613,486)=60;
x(613,487)=60;
x(613,488)=60;
x(611,486)=60;
x(611,487)=60;
x(611,488)=60;


