function CUT_IMAGE_AZADI
global x
x(527,570)=255;
x(527,571)=255;
x(527,572)=255;
x(527,573)=255;
x(527,574)=255;
x(527,575)=255;
x(527,576)=255;
x(527,577)=255;
x(527,578)=255;
x(527,579)=255;
x(527,580)=255;
x(526,570)=255;
x(526,571)=255;
x(526,572)=255;
x(526,573)=255;
x(526,574)=255;
x(526,575)=255;
x(526,576)=255;
x(526,577)=255;
x(526,578)=255;
x(526,579)=255;
x(526,580)=255;
