function  CUT_IMAGE_MOSCOW

global x
x(401,27)=10;
x(401,28)=10;
x(401,29)=10;
x(402,27)=10;
x(402,28)=10;
x(402,29)=10;
x(415,71)=10;
x(416,71)=10;
x(417,71)=10;
x(415,72)=10;
x(416,72)=10;
x(417,72)=10;
x(397,30)=10;
x(398,31)=10;
x(396,29)=10;
x(399,87)=255;
x(400,87)=255;
x(401,87)=255;
x(402,87)=255;
x(403,87)=255;
x(404,87)=255;
x(405,87)=255;
x(406,87)=255;
x(399,88)=255;
x(400,88)=255;
x(401,88)=255;
x(402,88)=255;
x(403,88)=255;
x(404,88)=255;
x(405,88)=255;
x(406,88)=255;






