function CUT_IMAGE_PARIS
global x
x(100,161)=255;
x(101,160)=255;
x(102,159)=255;
x(103,158)=255;
x(104,157)=255;
x(100,162)=255;
x(101,161)=255;
x(102,160)=255;
x(103,159)=255;
x(104,158)=255;
x(100,163)=255;
x(101,162)=255;
x(102,161)=255;
x(103,160)=255;
x(104,159)=255;