function CUT_IMAGE_PARIS_3_1
global x
x(72,204)=255;
x(73,203)=255;
x(74,202)=255;
x(75,201)=255;
x(76,200)=255;
x(50,247)=255;
x(49,248)=255;
x(48,250)=255;




