function CUT_IMAGE_PARIS_3
global x
x(100,162)=255;
x(101,162)=255;
x(102,162)=255;
x(103,162)=255;
x(104,162)=255;
x(48,242)=255;
x(49,242)=255;
x(50,242)=255;
x(51,242)=255;
x(52,242)=255;
x(53,242)=255;
x(54,242)=255;
x(48,243)=255;
x(49,243)=255;
x(50,243)=255;
x(51,243)=255;
x(52,243)=255;
x(53,243)=255;
x(54,243)=255;
x(49,241)=255;
x(50,240)=255;
x(51,239)=255;
x(52,238)=255;
x(53,237)=255;
x(54,236)=255;
x(165,104)=31;
x(166,104)=31;
x(167,104)=31;
x(165,105)=31;
x(166,105)=31;
x(167,104)=31;
x(99,162)=255;
x(100,161)=255;
x(101,160)=255;
x(102,159)=255;
x(103,158)=255;
x(104,157)=255;
x(101,161)=255;
x(102,160)=255;
x(103,159)=255;
x(104,158)=255;
x(72,204)=255;
x(73,203)=255;
x(74,202)=255;
x(75,201)=255;
x(76,200)=255;



