function CUT_IMAGE_DAY_2
global x
x(110,341)=40;
x(110,342)=41;
x(109,341)=40;
x(109,342)=41;
x(109,343)=40;
x(235,306)=41;
x(236,306)=40;
x(237,306)=41;
x(238,306)=40;
x(239,306)=41;
x(240,306)=40;
x(232,305)=41;
x(233,305)=40;
x(234,305)=41;
x(235,305)=40;
x(236,305)=41;
x(235,305)=40;
x(173,373)=255;
x(174,372)=255;
x(175,371)=255;
x(176,370)=255;
