

function CUT_IMAGE_DAY_1
global x
x(567,80) = 40;
x(567,81) = 41;
x(568,80) = 40;
x(557,149) = 40;
x(557,150) = 41;
x(558,150) = 40;
x(559,114) = 41;
x(478,173) = 41;
x(478,174) = 40;
x(479,175) = 41;
x(471,182) = 40;
x(473,80) = 40;
x(473,189) = 41;
x(470,189) = 40;
x(449,231) = 40;
x(449,232) = 40;
x(448,231) = 40;
x(448,232) = 40;
x(447,231) = 41;
x(446,238) = 40;
x(445,238) = 40;
x(447,238) = 41;
x(420,288) = 40;
x(420,289) = 40;
x(420,290) = 40;
x(420,291) = 40;
x(421,290) = 40;
x(421,291) = 40;
x(398,294) = 40;
x(398,292) = 40;
x(396,293) = 40;
x(394,292) = 40;
x(388,290) = 40;
x(388,291) = 40;
x(388,292) = 40;
x(387,293) = 40;
x(387,294) = 40;
x(387,295) = 40;
x(359,291) = 41;
x(359,292) = 41;
x(359,286) = 41;
x(359,293) = 41;

x(367,286) = 41;
x(363,286) = 41;
x(360,286) = 41;
x(360,287) = 41;
x(360,288) = 41;
x(360,289) = 41;
x(360,290) = 41;
x(359,289) = 41;
x(359,290) = 41;
x(357,289) = 41;
x(356,289) = 41;
x(356,289) = 41;
x(356,290) = 41;
x(355,289) = 41;
x(355,290) = 41;
x(322,293) = 59;
x(322,294) = 59;
x(322,295) = 59;
x(321,294) = 59;
x(323,294) = 59;
x(323,295) = 59;
x(321,292) = 59;
x(321,293) = 59;
x(320,293) = 59;
x(317,300) = 41;
x(317,301) = 41;
x(318,300) = 41;
x(318,301) = 41;
x(559,150) = 41;
x(558,149) = 41;
x(398,299) = 41;
x(398,300) = 255;
x(559,151) = 41;
x(559,152) = 41;
x(558,151) = 41;
x(442,276) = 255;
x(439,277) = 41;
x(439,278) = 41;
x(439,279) = 41;
x(438,277) = 41;
x(438,278) = 41;
x(438,279) = 41;
x(437,277) = 41;
x(437,278) = 41;
x(437,279) = 41;
x(321,291) = 200;
x(322,290) = 200;
x(323,289) = 200;
x(321,290) = 200;
x(322,289) = 200;
x(323,289) = 200;

